2213
8165
366
4377
5525
8020
1218
6049
7734
6411
570
6686
5483
682
4864
2934
3105
7772
4682
9802
4736
7950
6578
5107
9666
2513
7290
3473
4636
3245
7356
7835
7640
9570
9523
6483
2977
4597
8977
2755
55
9052
8976
1424
3810
9122
4529
756
1933
1476
5931
3359
4825
3262
4575
3617
3121
9159
5378
1917
366
943
7875
6218
165
197
2743
8693
9043
7567
2634
7600
3603
9761
6989
7276
5059
9077
9438
4008
2011
4537
9813
1567
2306
2275
9835
4024
2062
4020
8276
5557
2417
2803
7599
5581
5674
3169
9239
2899
1848
5927
808
8389
3384
9805
3666
4820
7801
5792
695
8763
8902
5499
9653
5054
1917
6923
9504
7170
4449
9612
4840
307
3513
6017
9647
9619
8803
20
9601
6352
3612
8701
5952
1287
1046
7057
596
8453
1966
6826
6694
877
5745
9228
1236
8710
315
2348
1018
6488
394
6882
5079
5525
5269
6874
3429
7398
3333
9895
5743
7441
1415
2583
2016
2586
8604
1501
3193
7538
456
1667
3410
3203
1500
3046
2784
1414
2689
4046
6708
4414
5271
1354
7321
6162
4278
488
4679
4256
2439
6556
2382
9140
7767
7853
8900
6710
7833
7327
9735
5877
2011
1261
5848
8504
6468
1261
2676
5669
9322
974
2714
3548
2186
7438
8486
8920
4090
42
2101
1610
305
3304
8611
9452
7563
5304
8048
119
9299
2254
7135
8145
1968
1643
5472
2527
5859
8167
9309
1804
9986
8728
1654
7375
550
3857
7167
6312
317
8719
826
8818
4067
9230
4555
8298
6619
5872
8147
8602
2807
6774
4927
761
698
5978
1031
3234
2423
3500
1874
3592
4317
4999
3428
2370
3604
5317
6519
5880
8479
9000
3055
6185
9948
7962
645
7360
567
7499
1758
3358
3636
7393
7762
6544
284
7686
9661
6415
6633
1419
9130
3701
8056
2950
6412
5073
9405
5070
6317
6195
2183
2989
1245
157
6371
3368
8765
789
7593
5800
6036
4085
8427
3375
3799
9592
794
7063
925
40
8010
6781
6498
3526
3863
1337
2393
4512
4955
8948
17
8173
5948
3862
3022
6530
2472
3366
2452
8560
2918
766
7731
3380
9464
5425
3529
2481
1976
1945
4395
1859
8138
5741
1974
2336
5460
8135
1964
6578
8387
1733
5150
2274
87
1682
4915
2861
1344
5346
6248
8719
3626
4732
8446
647
79
2565
8569
1698
9286
3676
1377
9742
1998
5301
2842
8804
5633
1130
430
2194
2094
8282
2236
2582
8708
456
3465
2886
4622
5616
656
4057
4908
4312
3067
4346
2560
8948
3709
8067
4132
6456
7737
3973
2495
6162
4657
6303
3607
909
552
288
2158
1264
8202
6494
506
8835
112
9987
1872
8240
228
1169
3463
6779
5467
4801
5405
6978
5005
9185
6234
6185
3194
2292
3931
6443
2702
7825
6913
2109
5436
301
3125
4552
4647
7902
267
5738
9943
3276
4652
4778
9578
2304
4973
1765
2613
8806
6260
5012
4928
6442
9548
538
1054
3799
7180
9115
8174
7831
6672
8211
2878
47
7816
8151
6360
7785
8975
6773
7070
7040
4124
2187
2803
2070
3286
1212
6827
6454
8694
447
4698
8103
5114
359
9277
2515
239
8501
7551
4538
3855
6892
6385
7791
9290
284
4505
3450
7592
4014
9728
9157
4905
7415
9179
993
6875
6128
395
4730
3099
8000
231
7515
7097
1461
9276
8826
6398
3462
9119
5878
1593
4378
6632
8475
5414
7087
4575
5489
9531
9965
9844
2518
839
7018
9166
3393
378
4423
1525
294
5823
3301
9791
806
8956
3411
3638
8710
2152
3246
9428
6285
2434
3683
2834
1919
655
6853
7323
5585
2420
8155
4850
6315
748
7916
3211
1398
241
2322
1051
9086
952
314
8954
8746
8485
2552
1363
4137
2881
5947
6680
2797
921
1389
7065
8618
5609
5638
2254
372
5615
5246
7237
9222
3718
2465
2508
2823
1797
1212
9352
1720
6249
2411
7558
3815
3389
8366
2623
1526
6417
8441
242
7743
867
467
4981
2802
5652
5397
2097
3472
7321
8255
6588
7293
7825
7596
6521
4962
8413
7920
171
7630
1153
8245
2100
2414
3342
3670
1891
8391
9390
2350
2631
5088
3178
1369
8741
8739
4861
6120
2288
1420
3037
8758
5479
9189
8827
3471
8627
5433
6874
7926
8397
1376
2586
4416
1805
9735
8480
5420
3712
2700
5260
3713
7070
4450
9237
7146
6219
235
9861
6862
4038
834
1344
417
9874
7574
9625
740
963
3398
4872
8072
1503
5727
6575
1609
4733
8327
6374
7196
3732
5260
3009
167
7158
8763
4314
2152
2729
5184
6663
3115
9782
7579
5560
6216
6392
5513
1033
4001
970
9940
2857
3228
6699
3694
3693
5699
6363
440
5615
227
2814
1228
1848
4244
2236
6565
694
9226
3773
6140
1995
511
7166
8952
1388
3949
6043
3273
3122
7007
3981
9142
7683
465
1832
7673
5181
4604
4887
5554
7563
189
6182
9094
1016
1040
9822
8121
2069
63
7768
1161
4200
5621
3825
585
9787
747
4880
1723
7907
756
8839
6061
5301
571
1306
4642
4946
6114
8584
9216
2945
457
3333
8335
5574
2651
2582
7814
5046
623
1950
8118
3988
3121
8092
2326
3685
127
5912
3412
580
7927
6202
5386
6166
6088
5182
3955
6000
8562
2891
7666
5646
1868
872
3660
2672
7763
9391
1674
9632
9551
9282
5823
4286
9604
1763
5745
679
6730
8245
820
1452
1332
6745
2221
9523
8241
1523
1031
9226
5846
3371
4626
1692
6769
5569
7461
9791
3525
2581
9683
8855
6555
1743
5185
690
1969
591
8393
3310
9502
5079
1201
5083
902
1635
6711
2744
351
4064
8381
9166
2324
6933
8152
6657
7067
2744
9498
7867
9402
458
9479
6853
281
54
5538
8944
6600
9366
613
2330
3885
155
7769
6143
6714
3889
8675
4660
8520
4605
2244
2280
6502
7840
2548
5307
9582
5876
1751
1113
9180
4242
2356
6370
5815
197
3252
4302
8612
7576
4518
6053
981
1861
2843
2492
2672
7270
8253
7382
1803
1860
6614
4775
8216
1132
9114
8549
75
3635
9814
2821
4467
3187
7698
256
2368
6731
5770
2248
2763
3882
2867
6389
8677
7205
2026
2937
1233
2715
6251
1787
4211
7784
5520
6016
7669
9047
5278
745
1798
3503
1416
6356
904
887
4811
8057
8449
3840
7373
2692
1784
2540
8069
6078
6107
5327
8713
1350
7207
6144
8221
4406
2951
8137
4953
4626
4702
5745
2563
8533
413
1960
2914
8534
9090
5299
7641
7217
2558
501
2653
6916
4355
9100
4130
6997
7099
3111
2115
6338
3190
3589
2505
4820
250
6421
4209
1200
8274
1019
6415
3520
4792
4487
8671
245
7965
7352
5418
4405
4368
9850
8973
6412
3432
8954
2471
3863
6339
7679
9194
6740
9286
4505
3134
1072
3083
8258
8864
1495
3495
1171
9733
7088
4461
4647
6049
3959
1791
178
7130
6315
6750
8079
2460
7387
9670
7084
4118
8197
5237
3627
4468
539
5463
6956
4838
6853
3426
1850
7209
4697
7904
2931
1193
1059
953
5480
7271
5547
7747
3341
7418
4132
3631
5684
2880
5033
978
3912
5368
7600
1247
7434
1298
9006
7519
62
4372
2022
3278
5081
6311
6676
3516
6788
1416
6673
2253
1584
3115
301
3179
7162
7839
9766
9781
7299
2795
639
4488
9689
9880
1884
93
8437
2110
1668
3384
7151
7690
6601
4815
2108
4299
6367
9283
8899
9439
8943
3612
8178
240
4126
4028
3704
4124
6163
3669
3129
7374
4462
1120
1814
2244
5881
6891
147
10
7571
3915
3750
7447
855
2746
5943
3265
1808
3470
799
4593
1623
94
8268
1862
8429
8190
8711
7619
9782
4916
9577
1034
9879
8489
5532
5854
2413
2726
6947
7182
3692
4256
3360
7158
5503
8534
1538
9742
7754
6847
3161
2036
7261
169
8426
6553
1585
1388
6013
7159
7259
7223
7149
9202
4614
70
1447
7972
5574
9241
758
2626
4190
271
5019
2871
922
6013
3291
6997
2777
1434
7940
9737
4151
5380
7551
4582
3039
6178
4351
5760
132
8871
3716
8943
740
8692
5886
4282
9521
3202
6857
10000
80
4648
3329
8110
6965
8985
1132
8629
606
9856
9079
6596
595
8530
5844
8543
4121
2613
3072
1518
8344
1662
7308
7196
755
7123
7286
2489
9901
6148
9587
9245
3366
1991
1636
954
1865
7227
3321
1290
5423
1490
8541
1045
7116
8583
9896
2155
8495
7290
2317
3006
9292
6244
1047
7564
7130
8781
5941
2020
2432
5906
5913
3115
6464
9891
4059
6744
8123
6638
6894
8752
4343
2442
4014
3228
1755
7362
2879
2006
678
5040
3189
4598
7861
4376
2063
5781
6391
2115
2389
183
2164
6563
3775
8760
1202
6625
1453
5615
1083
8436
8283
5829
9811
5151
5103
8295
889
4890
2233
7154
6215
1638
8876
4841
7414
4025
1827
5856
1685
7214
8855
5350
1271
8623
4601
7252
683
319
8280
83
3436
5294
6920
4531
7243
5598
7608
4402
5748
4234
2251
6885
3183
624
6624
3013
3536
1944
8867
2558
7249
1451
4153
4709
4526
2647
1602
4601
8820
6030
3249
216
110
1023
1345
7024
324
5270
2199
5424
4961
2290
6187
8285
9432
8382
4578
8092
4429
8465
6714
1918
8793
3587
6271
3870
3450
7776
6363
8988
7456
5339
8811
6658
7584
291
6371
415
3624
8517
4028
5087
1994
2738
9428
321
6387
5258
7593
1565
1750
978
299
5944
8548
2698
8149
1871
7623
6150
6124
8770
1593
4677
9407
2359
5477
2922
1564
354
8350
237
2733
6599
6788
1847
6803
2443
5657
2363
8194
9969
2564
6520
2976
1495
1123
5616
2897
573
3143
4667
128
4313
8502
5598
5352
9776
4103
6682
2674
6227
4662
5119
1952
3959
7486
137
7825
5232
6564
33
5085
8700
6926
9047
8043
220
3295
1204
7692
4391
3131
5512
3099
6879
7952
7987
4614
5134
9275
2961
3266
7270
7826
7121
1971
6827
3296
7062
3300
5037
3144
915
7841
6432
471
442
1957
5725
3897
5997
2861
1048
5997
1086
3311
9110
1358
9452
2848
2447
3138
6960
9443
2581
8406
7
9553
3612
1532
914
5599
1776
784
5405
5396
2893
901
7566
3704
3541
4885
453
5148
9805
4048
4386
7358
6390
4777
614
4228
9319
3501
6730
8125
2012
6814
930
4874
9221
1462
6188
945
8843
3973
6340
7235
6988
1033
4917
246
7274
5281
6384
3718
5818
5570
3681
3905
3587
4836
331
2526
2729
8106
9130
1122
8501
3551
5832
6009
7768
6185
2953
5717
6203
7568
7986
3262
2448
2843
8393
8126
2962
6309
1366
9383
9869
192
1436
8972
5442
8934
3736
8591
8762
3365
6626
3588
4023
1816
1619
828
8312
2508
3992
5051
8659
7643
5387
9648
8391
9289
5177
7515
5154
8294
9966
3541
9084
7087
2077
5410
1318
8524
1649
2005
43
6108
2039
2270
7415
2003
1168
7527
8268
4469
1140
2994
9481
6571
3973
9051
5328
905
6195
8190
8422
4233
7491
2569
6484
4509
5419
6058
5363
8250
3212
8284
6093
5262
5943
6671
656
4749
3634
7354
6565
2195
2501
7817
3434
7815
8920
8137
4868
3644
6919
6224
6042
4850
7960
1826
4968
6849
3068
3175
1221
3345
3825
4417
3684
3493
4532
4846
5679
8933
8155
2420
6195
2489
7245
1930
5218
6388
2956
2297
7171
421
345
4681
2064
3010
1420
8414
4483
3390
1067
3105
3914
8948
9843
5838
6270
6397
5924
8593
34
5716
9675
5454
5006
394
9223
7447
37
9826
1565
2817
5493
2446
4064
6745
9940
4025
3575
6607
2271
2457
5063
1209
6288
3318
7421
8915
4204
2722
8089
1159
2244
158
40
2870
6948
5425
6476
3160
9228
6488
3278
7092
3343
5708
8219
8118
2388
3629
6069
8749
6151
8022
5277
9321
2621
2170
9724
3475
9127
893
6209
4888
4063
3017
7020
2904
2857
7167
2263
7158
6091
5269
5537
5998
3468
579
4444
8488
8623
1202
6119
818
9668
4625
517
8203
940
4485
9727
5783
8503
7662
6666
8203
9445
3381
3500
7863
7628
8924
474
9476
9262
3273
7715
4654
9109
7006
8787
3422
3346
2954
3590
759
243
6207
6362
4672
9387
4461
2584
400
3608
7000
3034
8970
8682
7387
5355
8429
82
9983
7889
4795
5238
7393
6834
1487
9052
4742
1408
8734
2504
997
4948
1071
7026
8436
2987
2300
8645
932
987
3967
3179
8908
715
1084
9303
5227
1242
2332
5485
5667
4893
1
9995
8308
4100
4724
7776
8588
712
6420
2179
2638
5674
1494
2082
4424
1340
9648
9851
2327
6798
7169
7318
9973
1747
7286
7463
1675
9063
932
7150
4998
5337
2977
7816
5910
7543
1350
2685
8826
5794
6623
8967
9570
3354
8832
4987
8368
1590
5362
4888
4247
9021
2584
1848
3279
7920
1241
6034
4606
8461
3285
7278
4612
103
610
5394
7201
8299
2250
8712
7736
5074
5724
8244
1066
3335
5603
1539
5466
5987
5032
8835
5683
8420
1903
5677
3366
890
8
4566
5588
9733
7203
2068
1420
6858
6867
740
2217
306
6253
3513
26
6180
4902
5453
8571
8957
8933
9261
3907
9970
5458
5226
2864
6594
794
4359
4375
9731
5911
1545
5294
8180
8548
8960
2833
3697
8549
4433
4363
4359
7199
1571
2173
1205
1399
1204
9286
9732
6094
530
1592
9629
3381
9223
9904
6343
7555
9763
6472
6398
567
738
574
5969
4526
417
6112
6602
6421
3306
119
2124
7486
4410
1482
8457
5701
7975
8387
9023
479
7466
9807
2901
1245
4082
8810
8176
627
1482
2811
1680
579
685
7842
5619
835
9739
102
8025
2474
3709
3701
7659
1777
3451
3940
7230
8030
2140
5997
9809
2085
5727
9522
6263
7026
6560
8869
8039
2736
1239
1978
7152
3472
8175
3360
5571
4359
9740
8824
6557
2909
6690
5440
4189
698
4941
8563
8079
3898
7731
5514
8253
1547
8429
4826
6943
9191
3619
5817
8641
2037
9180
5012
7175
2982
5133
2041
9095
3399
3453
9953
4143
6332
5579
9190
2712
4691
7232
7678
961
279
3195
1351
4122
2198
5610
8109
7951
5823
3440
6650
7204
1193
1268
5662
5486
5858
8209
5276
7714
8457
6482
2268
1985
8198
7832
2800
4163
585
7826
8609
251
9913
8039
2333
8954
7084
5641
2714
5536
2063
9782
4260
9529
63
6786
1477
954
2646
58
5078
1769
7465
350
6963
1177
6022
2586
1967
4664
9710
3809
6676
4243
8751
5082
88
6381
674
7122
919
8676
7751
5698
2863
8931
3310
4890
2551
1429
8677
9781
232
3590
8382
1139
4212
4338
5187
1928
3273
1549
3609
3718
8294
2540
6499
51
6473
8305
5904
995
6301
5932
7619
6753
3541
2768
7843
8124
4705
2704
3960
917
8885
9139
3182
4615
9949
4204
515
2731
5967
7856
7902
2517
1815
5737
7940
777
3104
7902
9950
7292
3971
4681
7185
1841
4509
7400
6299
9453
1379
7237
9996
5713
3657
8840
5774
4018
6991
5531
4866
3676
3374
5655
1068
6277
4728
2730
1094
7446
5410
6718
7945
9595
8570
5123
4528
2317
797
283
2367
4472
4671
9688
2769
5670
4722
3523
112
5533
9457
5454
4311
9980
1499
368
2267
5087
5059
9991
136
673
4570
7175
4591
9624
19
5295
3762
4913
8430
9051
9319
3135
7045
8242
9562
1711
8719
3739
7123
8767
2115
460
4989
599
7039
5668
3562
5873
1324
2344
8962
8191
8256
547
7227
2462
7028
4196
2996
6786
5557
6897
2224
4415
3092
8113
4418
5468
9510
7765
7238
4399
8837
119
8980
1715
3214
9044
2613
7846
9891
9807
6676
3349
4207
9004
3149
1357
8603
1346
8603
4354
1945
6974
5822
6679
7658
5815
9426
2509
8652
2480
598
2174
9340
5650
52
9253
8301
8105
2795
9417
1487
4337
2332
7354
3126
7042
613
4564
3098
4120
4992
2713
811
4359
1804
6235
4363
2520
8138
8143
6565
8197
9742
3825
1018
4167
2476
5547
6556
6680
601
8748
6137
847
958
8398
402
1412
2911
9647
9853
8173
3084
4816
2384
365
7312
1771
2493
3246
2711
1404
5160
4264
7169
1668
150
2884
1886
1172
8037
2202
2495
1829
8546
3357
8374
200
6407
7186
6896
8714
1933
6061
2736
9113
1797
3866
852
655
8280
7184
8738
1947
1854
4744
7851
2814
5780
911
5461
6082
855
1423
9963
1089
3706
8160
7405
6729
839
6823
9692
8386
1561
7246
7042
4312
1024
8565
4902
6670
6909
9656
1948
4375
8299
180
7010
6128
56
9555
7455
3227
2942
9800
149
7112
662
4531
2828
4055
9674
5385
2016
9036
557
6593
8228
1823
8177
9697
9837
2637
1531
7692
1885
4137
1764
1723
5559
7570
3695
7881
7693
8711
2789
3081
1618
6113
7402
1147
7197
4991
2402
2254
8082
686
7432
6636
4036
8328
5459
4586
7676
5652
7305
2946
9709
5222
2320
2941
7006
9601
3548
5644
4086
9501
2284
2820
4274
8532
370
1642
2356
1757
851
8209
3923
1193
8710
2309
1955
1823
7663
8092
3102
1440
1193
3134
7243
8252
8381
895
395
5943
5567
4142
8830
1030
413
996
2787
1521
8844
1538
5143
3415
3126
5017
6428
4847
3432
1450
3880
581
6035
4596
7676
9167
2765
5012
1637
239
6137
9479
9942
477
5230
8905
8918
2219
4732
2073
9174
6575
1363
122
4704
314
8425
7039
7402
214
2081
6069
4582
636
2377
2902
2768
4321
8239
263
5650
4668
1213
6909
6481
2675
155
5304
1852
6052
1886
3803
942
5641
816
804
3946
407
9296
2721
4240
4157
6830
9504
579
9113
6769
5320
4376
6550
8397
8276
1050
9822
9892
3123
9237
9014
2852
87
8589
5183
774
2822
983
9146
8761
4127
6859
7620
9500
1418
8125
4378
3632
7486
5456
9971
5634
9255
3259
9043
9483
888
6101
1350
9236
9093
5810
6041
849
3178
7191
2128
3330
8784
7079
9281
2943
7820
9883
8040
6257
9308
9519
6819
218
1151
9675
2818
3938
3293
8097
4518
6816
6038
3365
2043
8151
3274
7168
1888
7088
4570
5785
3125
2667
1353
9139
7653
6445
7813
9876
2263
9749
1647
1395
2436
5283
7520
5902
6392
5738
1737
4226
3662
294
5964
1429
6515
5588
837
3975
6950
5533
1237
6132
2194
1842
6354
508
1186
8222
3543
7005
3686
9880
8333
2025
5790
7345
6832
4438
2792
2
4897
1058
2814
8334
9895
7605
6686
821
3056
2845
558
7426
1871
6781
9289
6180
8609
8946
1279
5362
4967
8894
5642
9571
8616
9011
6735
157
2558
3960
9772
1797
9374
8262
9474
2381
3317
7132
9016
647
6031
6201
5166
4297
7350
827
3537
8422
2767
1634
9352
8663
2853
8333
8720
2265
6603
4179
2434
8188
186
3140
5210
2608
8530
7729
2774
1421
7430
7249
4729
4390
1630
2981
6649
5397
6936
4562
5016
279
6550
9006
5957
4673
6595
7668
4304
4860
1072
3525
365
1726
3431
3770
8625
388
4980
8929
6006
8337
8107
4931
5114
7690
5686
5427
6162
935
8268
8389
614
2338
3299
7604
2555
2835
72
3400
1482
8758
902
507
283
4385
3157
4554
767
8062
3218
8657
6940
7857
7248
6337
9154
885
3288
4794
9462
7286
9172
6410
4549
4357
5089
2316
4751
3054
3542
9697
9466
390
2630
8359
7289
8585
5221
1854
8561
2762
1116
9628
9997
4008
231
6347
1703
7062
1606
7200
2467
8021
6424
2612
2853
4136
4446
9458
4675
184
6464
2413
1901
9950
7590
7573
5798
6274
7032
4285
5034
1800
8988
5965
1403
7574
8235
4365
8806
9458
1354
5229
3305
2845
2988
4517
3444
6950
2267
3650
257
2932
555
485
8452
4351
4618
3902
6511
4406
4192
2941
2050
9548
4142
2596
256
3350
1412
2528
5729
228
8227
9565
4605
1983
4847
9449
9451
2571
9548
8174
6884
4240
884
2427
820
643
2983
4379
2455
2688
3222
305
9103
6343
6144
9897
9012
2120
5542
9231
9891
73
8911
3744
7675
1891
7174
8826
2203
9689
281
6902
6785
2779
2353
6458
6076
963
3580
1149
9116
3735
6083
5698
5309
322
9888
4665
3603
3450
4872
5288
6355
9229
854
7404
8236
6488
4071
724
4710
7775
3961
5865
5358
9881
9753
3150
4297
4623
9175
79
1832
2015
7978
4592
4510
7916
9578
9993
2296
5718
3759
5300
7778
1230
6732
7121
662
5634
1191
919
7711
8863
1291
8208
5963
9538
7063
6878
7378
2137
9639
6349
1591
6906
9446
8785
9060
244
1630
1920
10
9167
9617
9967
5907
3715
2444
7542
7765
1732
8220
8432
4368
2679
2924
1700
8411
3375
1044
1724
4139
783
580
8114
870
4668
8330
7596
2087
4718
4993
4390
3023
5688
8431
7093
1265
544
2795
4508
9348
8008
9367
7778
938
4344
5688
43
390
5266
5852
9137
3711
3067
2119
3494
3269
5712
6250
6302
6892
5058
7635
785
6675
4440
2754
6863
2909
5365
9777
1552
3780
4095
3440
4161
9991
933
7258
8006
3937
7876
3369
6218
8887
1634
6730
1618
2106
4265
2613
8514
4161
8870
195
6205
4414
7956
6067
1189
3261
5173
2615
2237
4171
6441
9985
2429
6826
1698
2168
7270
9587
308
2420
5872
7239
6688
8982
6021
3604
6281
6884
3038
4933
5814
7617
434
3221
7156
8368
2886
7899
6990
4862
4565
7994
6144
1693
5190
3084
7094
2424
7778
3144
8013
8295
7199
2414
3320
9762
5801
614
9753
2173
3942
7439
3347
5921
137
5409
487
7512
1484
999
4419
3751
1150
9878
1014
2343
2319
8612
7576
2836
6074
6066
7573
9468
8082
6599
1375
2259
8444
9155
8112
7124
299
533
522
5703
9451
349
7328
2727
2015
3900
1443
4379
2752
9031
5028
5286
84
9550
3652
776
5068
550
6687
125
4525
2881
6602
4524
3671
6224
4332
9455
736
4550
2936
1611
7352
4105
9026
6977
1654
8064
6317
546
7914
3326
3541
7254
8574
1176
1243
3051
8276
4955
7028
2711
2559
9044
4021
6156
1990
8063
5469
2357
6044
8016
669
4015
1396
5013
8448
2554
653
1416
9718
7661
4599
9757
2870
3734
4923
9909
3826
5180
6690
7551
1193
6649
5555
7558
4689
6134
392
5694
3832
5297
597
8697
353
7737
6770
6512
1179
7593
103
1295
4968
5253
150
2395
2263
4005
4314
79
1478
4972
9922
477
9337
9687
6928
1565
3847
8241
3891
492
7632
8510
6216
313
363
4392
4023
5987
228
8493
4445
1419
1554
1871
8729
7931
4002
3164
3972
7358
1464
9797
1551
5223
8027
8845
6106
8444
7283
2341
1538
5032
1754
4442
9981
9754
493
4807
277
7755
9885
1552
8734
9300
62
1640
6166
6838
4672
2551
9968
4084
7223
7613
908
8704
8525
5073
7821
4619
2943
5628
9765
4040
5724
2117
1752
8817
7154
4107
1712
6372
8045
1585
1503
9705
2358
9299
9416
6563
1868
8412
3411
4134
7431
6851
7206
7348
8279
6454
9181
9350
7338
4305
618
353
9540
2111
141
4918
8097
4363
4333
883
9518
4522
6239
1095
7208
3514
3990
7853
413
360
9431
5106
9874
7528
9118
4081
4266
2762
18
9447
9009
7662
3539
1641
5923
9578
7469
8929
7131
3516
4687
9367
7237
4565
4485
4581
9115
4388
2705
4245
9978
945
9809
5165
4781
3826
7382
6133
1907
4676
2501
4688
5299
3355
5821
165
8785
6714
224
9644
119
9185
4486
4659
8517
7307
522
6273
6431
9711
3275
3053
9901
6387
2873
7262
9363
1401
1434
5714
3328
1121
7750
524
2028
206
415
2245
4291
3296
5719
6286
3293
6617
70
6382
7028
2050
9232
8878
5750
2981
7691
2939
3
6217
3969
300
4317
7018
7555
8574
2216
7738
9662
1357
8709
8003
8530
3110
5397
7735
9644
2592
1011
2279
4262
8262
3461
4082
5266
6456
5702
3110
8280
3616
5775
3866
1037
3811
487
4880
6287
6890
4175
7782
4840
153
3693
1117
207
2307
6302
7092
2075
847
5781
9911
1920
4532
1049
1435
2059
1981
6556
7982
7164
3621
9471
9553
198
492
6035
9290
7004
1613
999
6368
1576
5214
9775
3393
5286
9192
5613
4303
5560
2726
8370
3589
1091
3589
7324
8871
9634
1121
1501
7089
7373
7681
4452
2896
2532
8487
3152
1459
3398
9800
3780
543
318
7714
434
7209
141
5188
7756
9615
8649
8714
1168
7807
1871
6627
3959
354
4607
2520
9297
8544
7991
6744
8040
6075
6025
4481
933
563
20
7472
4262
7485
6012
3799
51
5775
492
256
4612
6471
6038
4890
677
5405
2233
5249
9006
2845
8742
3566
3920
4751
1357
2781
3511
2837
6573
8518
4636
803
7039
6352
2893
1794
8834
9453
1595
6745
1894
3971
5538
7507
2816
8005
2960
6125
9458
9037
4937
7723
2892
4804
5439
2083
1963
3902
5629
6461
9947
8947
9200
9824
6048
9418
1689
9738
6178
5482
8892
7316
4289
3385
1210
5944
3144
7276
3007
945
1551
5776
8749
8189
8319
8795
9463
9829
3232
8180
7563
8842
9437
855
9030
289
242
7520
5312
5257
925
8067
429
8202
923
2336
5041
4442
6239
9973
8837
33
5446
7763
8178
897
5032
3986
1256
9158
6839
9534
527
1177
659
4492
7132
2538
7713
3725
7567
1602
3357
9771
9133
1034
5046
906
7717
21
6378
6731
3390
7132
5249
2949
6256
5151
1936
1569
4452
2010
3660
2515
7539
373
8810
2903
7148
9178
3344
5746
8289
8547
5771
2803
8640
8280
3902
2272
305
2279
1953
7657
2584
9461
157
2324
5258
9122
4870
9705
4568
2912
780
3726
4867
6933
9259
4081
4834
7725
1555
66
4955
1345
180
516
2008
5890
2330
9807
6541
4225
8805
3319
3060
7596
5395
4599
5395
72
4436
8737
9655
6604
4604
9755
12
2930
4374
851
4239
8429
9820
5974
2785
2983
3820
253
8712
1072
9529
2335
9694
1965
2343
5147
6662
2080
1872
8077
8317
4661
6769
254
4630
6477
527
7650
1564
3865
1844
5409
2072
5793
4592
4349
3401
2324
6095
3907
6909
7860
3709
6328
2319
4640
7813
1922
5220
4044
8718
3136
3347
8278
8694
8282
3445
2930
9
3396
9783
6074
3491
665
4591
9204
1147
9749
1590
6218
4360
17
6940
2702
2726
9149
4092
1202
255
1214
6080
3738
3747
1499
9329
821
4863
115
7161
8114
5989
190
6036
1377
2673
3942
8315
7014
3578
8409
5364
1338
1300
256
8330
8632
4445
5110
2842
530
7330
6924
3081
7195
548
7792
2195
3655
1444
910
8483
6494
2915
4028
3357
5929
2093
7092
8927
9508
9736
2107
342
7634
4744
334
5648
261
1255
6797
132
9809
7152
5703
9086
3045
1499
608
9873
7923
2461
6589
6140
151
6743
9313
5415
3256
6125
6174
1511
2417
9665
9900
1849
6162
1706
8293
9459
3012
2559
8176
4740
5107
5436
7359
1311
9906
581
122
5959
4688
9129
1894
547
9941
7000
1269
9341
193
2193
8408
9546
9996
8790
4926
6096
8095
5738
3898
9767
8359
860
2938
8357
1556
1987
4410
1478
5478
6209
4973
7964
3943
1052
9688
2501
9734
9741
3598
7170
2402
19
8498
146
9693
2170
8015
1101
9043
908
6156
4419
2605
1952
5380
2964
3851
2191
2327
7818
1762
4480
3083
8520
57
5505
8595
7384
4823
3305
410
7466
1338
4179
4636
8749
1473
1741
5619
9192
4599
1836
6292
5990
1844
6101
6373
4376
7740
8324
4863
5032
5910
9181
4157
5351
1851
5843
8094
6559
4593
6318
289
3941
3672
3642
2584
9179
1931
6349
149
1166
7894
4998
4903
7020
2252
3092
7894
7052
9125
438
9057
6612
7708
6212
3936
1972
7257
6170
8723
3456
3443
4832
6954
6215
155
1998
7742
4294
523
7052
4379
1168
2060
3388
6942
94
5091
9150
1025
6198
1599
2336
7271
9309
340
5854
7374
2694
3448
4997
2509
8465
5283
3173
575
1378
4574
8909
3299
271
5525
9736
3418
3935
8877
3406
8861
171
3069
8225
6134
4280
6223
7460
970
1170
5758
9144
1251
8469
5194
4538
33
2388
114
6834
1253
8194
8821
2658
318
2215
8060
9024
3436
9552
6611
2715
1777
458
5544
4828
2818
7274
9408
772
8590
9739
2799
280
5873
1542
8786
4241
9508
5750
9603
6248
1242
3094
2224
5709
8974
9412
9425
9503
5911
3073
112
2843
2771
3711
7892
7625
3794
739
3540
2004
2261
7082
9886
7499
4080
2182
2502
3856
8055
3955
6385
7208
8055
6650
6985
881
3100
5454
3877
9724
123
6276
9252
5173
8553
8800
6303
3154
7718
3603
3301
4544
3725
3862
7523
7677
2146
666
967
3591
6283
7911
3608
7821
6856
975
1512
2089
2643
4398
6284
1282
5009
7669
7949
7600
5674
6904
8394
5250
7433
2981
6642
776
322
4628
5866
7442
6515
1124
9661
7235
5304
8803
4067
8665
3512
6065
4764
4675
3285
269
823
4883
3774
7461
7097
1464
8291
9744
6254
2203
6794
1646
2082
4635
6879
1254
9856
5820
3166
310
9651
9785
9698
6105
404
876
4627
8042
106
3361
3361
2047
8485
6958
1903
740
213
9674
6312
1157
3941
8336
2270
3293
269
8281
549
2449
3365
4974
4699
2729
1350
4802
4099
3141
7776
7633
4665
1796
698
9935
1880
8329
2687
7233
4118
9073
8492
480
322
3733
5630
8629
1290
8585
2640
5101
7581
455
6948
7596
7808
4319
5534
1557
1697
8864
2472
1143
1152
1340
1355
9451
4582
7150
4098
1442
7953
2111
5738
2565
4212
3845
2806
1901
8278
7397
7451
2917
5832
4295
3520
3605
1314
2918
4147
7734
6276
8848
3480
5261
4107
1654
4755
2008
9261
2429
4068
9582
7204
2010
4276
9127
315
4926
8092
7734
7521
6237
5341
3008
739
7276
9723
8578
8448
7353
854
2281
4684
5827
4167
4716
3997
3130
301
4720
6124
6821
1176
6375
5240
2287
4335
9314
1111
7765
1792
3323
8197
5242
7998
7591
6421
417
8784
8033
2501
5993
6770
9358
9173
2263
6084
2040
3423
1490
3148
9622
3406
8172
6012
386
3700
999
6557
2807
3609
7889
5271
7030
8447
6912
3795
3669
5442
443
1068
3611
8348
5172
5612
5546
3612
6833
5408
4082
943
197
439
5230
7821
7459
6754
4745
5568
7675
6124
9024
645
7262
224
514
9439
8889
8197
4665
7653
4098
7651
4127
2884
2140
6309
8259
7422
5554
6389
2061
9188
980
7803
7146
8146
8454
5428
6931
6414
5840
7193
2
1704
7997
811
9423
4013
7261
1913
2457
7967
4308
2039
7074
5253
6027
1022
3609
3822
3027
8062
4915
2544
5350
7794
3382
5524
3139
8348
2228
4755
9425
5113
8431
8084
9441
6991
8256
5572
3106
4906
3698
6580
2933
820
1047
5450
4960
7945
7887
7883
7238
9571
6506
2461
6297
1569
996
6373
7861
5638
570
2198
1037
8163
1959
4505
4712
6587
1775
7006
4725
5845
1179
1978
4045
8702
4047
7789
8222
4764
2260
9266
1888
473
3033
3741
6342
1568
137
9434
7534
2375
4456
9059
8279
2639
409
9022
6863
7089
6614
2861
5456
9013
2795
9714
6143
4321
2743
6801
8515
1701
1224
676
735
4453
1811
1633
7081
5437
8800
179
8275
8661
8683
5535
927
3267
5075
8117
3132
8369
8408
6406
3095
1202
488
4427
7442
1825
1656
535
7064
6113
288
5637
9051
1245
9047
4315
8850
8675
4256
624
9269
8277
3390
3972
2743
7616
2384
884
6085
3982
9127
8242
7027
9997
1967
982
6334
9281
813
8892
5631
5422
1064
1664
6352
9781
8512
4396
1705
2036
1511
1403
9970
4005
976
2621
3626
5967
7984
90
6610
1024
5864
8890
9448
410
5522
7866
8511
1074
9628
69
9041
3929
7833
9839
3811
3053
705
5895
4181
4852
7674
9213
2493
268
2200
8053
9730
2505
7603
7423
8541
3086
7296
4947
3493
2330
5713
5551
1765
1496
2091
827
2177
1764
1820
8718
7220
5415
2434
8871
8008
3410
8308
7746
6803
6038
9126
2892
902
7133
2295
5255
9788
2761
7651
438
8628
1673
3153
7555
3627
930
9689
6469
414
5968
8057
8035
3017
1085
6762
7671
5389
258
7595
2577
1501
6348
8935
9878
6249
8767
7058
1109
4870
2310
3342
3677
2520
5558
1410
6119
5382
942
9389
2034
5579
5637
3387
1411
992
5293
875
5892
8097
9791
2705
4439
5178
3715
149
4537
5142
4711
5864
5302
9307
6600
616
6462
3962
132
6767
132
3291
8660
830
4531
3702
1346
4558
1049
1991
6935
5351
7738
4095
7507
8896
8926
5271
6220
8774
8141
9431
3715
1070
4485
9864
4823
2017
6625
4150
874
1046
6969
5209
1109
1328
6055
1195
3849
7765
5891
6881
2310
6719
3787
1295
8905
2392
2777
1233
4079
1064
2331
4164
9342
5725
6568
776
3600
1808
3112
1643
4945
4243
7046
2012
8219
8516
7837
9421
2566
9741
2558
8884
7353
426
8363
8368
5801
5193
5937
8110
4383
8219
3817
4665
8824
6747
2544
4771
5943
6012
9992
9647
1009
1074
8295
7538
8697
2740
7848
5191
2062
1917
3898
7671
2969
9733
9063
1047
3520
4094
5835
6548
8792
7306
5705
7602
6065
4556
3063
1790
9509
8793
3377
801
7823
3807
2279
6427
7520
7593
7745
7270
4614
4877
547
3110
1292
9795
2016
103
3185
6357
7241
9697
4637
5132
191
8126
8699
7430
4184
7018
396
2530
2877
2342
5638
3879
4408
9474
6888
6123
134
2859
7396
7067
3783
3359
3965
7431
5054
5705
7719
640
2197
2536
9917
1817
461
1655
4869
4229
4781
153
5872
6720
6581
9846
4754
4971
8040
4013
9656
7454
1979
848
6352
5750
3123
600
1028
7791
1026
7232
9559
5004
2148
811
3712
3871
7088
9305
9097
4954
664
8204
6597
2794
5859
9608
2075
9968
999
6999
2846
3058
8202
2732
7552
422
1359
4260
9198
2906
3487
2750
4069
4789
2679
4295
3250
8286
8436
3689
936
8387
5708
6980
3920
3536
4641
5573
7349
9822
5079
6951
7500
368
4136
2377
5989
9421
5133
2276
1876
7253
8048
6002
3871
1020
3306
8426
4517
906
366
9924
2441
141
3434
1970
3975
3273
1127
7647
6051
1785
2080
6520
6283
4977
4319
8949
1016
1378
5553
7334
7524
3395
2533
7083
7238
3638
5081
9899
1076
2829
1472
1454
3857
7309
3976
4002
7298
4831
6409
4363
2048
4127
4388
1898
5054
9621
1113
4640
9385
9783
2908
3363
5013
6267
1500
9311
3108
4812
9638
6241
6575
240
3166
1303
1062
8808
9775
692
6708
8203
4264
5717
7206
3356
8465
6514
2578
2622
8177
8865
3973
7786
6684
3222
4978
3122
5093
2110
5266
3769
8181
7532
8404
178
8322
832
2320
4969
43
1497
6979
400
1208
2561
4775
3121
7483
7368
3155
1478
5781
8439
8172
681
447
91
3501
3011
7917
7742
3665
5361
2334
5070
3269
8414
2337
9363
7129
4044
2057
3384
9759
582
3905
1986
9494
5148
1094
6187
8388
6408
3513
8249
3022
2874
1739
7332
4394
6178
8729
4727
3471
3065
5096
2801
616
2334
7856
3184
3514
3725
2384
6527
7058
7515
6586
6507
2014
150
9112
4878
4298
2742
6574
5411
1078
3649
4904
9756
8338
9179
7393
8949
3140
5448
9792
889
8067
5850
7780
1419
6328
480
279
9164
8117
4054
2887
6520
7280
703
8257
7060
1624
3697
2505
5182
109
7073
8294
7953
795
4373
21
4745
1064
8153
2044
1710
8701
5743
1415
4161
531
4505
1791
8216
2772
6229
2724
9
2722
8055
7236
2868
4390
2580
9622
6068
675
3027
3588
9072
4618
5300
5331
8504
1831
9124
6941
4170
3804
9203
2857
7345
8425
5377
847
3278
2920
9171
2170
9116
2892
3748
3570
8858
9519
2261
845
826
6263
6825
7750
4047
8552
649
6828
2142
3481
1214
3770
2916
8261
7630
6416
3318
1020
214
4240
5449
7702
5343
1188
1087
1702
129
9327
8424
9587
4274
5018
4814
709
1691
4400
2456
6393
1758
2380
6313
4084
1864
2542
6462
1212
9142
4822
4108
3679
7091
8578
8271
6081
2135
5530
7718
7024
6616
5962
2088
193
1174
9270
3090
8133
3341
295
244
4060
595
4811
5152
8988
5583
9514
4359
393
2568
1037
6552
8052
2113
1751
8341
5081
6647
4965
1941
8594
6633
484
6521
1373
8036
4756
5023
1395
2098
4962
308
583
3378
4401
6878
4707
1733
9523
3305
3126
7616
8717
5723
3098
6318
9388
5547
4681
3028
4150
4531
6334
3686
3128
2446
2928
9694
3493
5557
1963
5671
8280
2468
5723
3428
1439
7914
9066
174
1287
2715
8125
7891
2256
8210
862
4644
2856
3639
5435
720
6011
9576
8657
2199
1985
5701
6735
7441
7581
5956
10000
9387
7011
9052
7125
5394
2688
7190
7277
8765
681
6283
9044
1654
7464
5166
4723
4019
5084
8028
7997
1182
6222
1372
7402
8000
2627
6969
9236
1416
8683
654
3767
4489
3788
9522
9977
1366
7054
8465
6908
8561
4314
4826
6315
9580
4569
7577
8373
2423
4647
8827
5743
2763
1075
1470
3171
8004
7969
5923
9760
1753
5741
4789
3967
5485
8810
148
1252
1162
3056
8482
2192
8833
8454
2841
3249
9994
2960
6741
7375
7754
1734
3886
990
6932
1669
3934
5770
4386
2407
6207
2293
3636
8370
684
4998
1654
7364
618
6749
6144
8666
8659
4775
1295
6208
4867
2754
4645
512
9523
734
354
2086
1085
9313
4279
8367
7071
6749
4236
3965
3227
2304
266
4535
1665
8627
9797
606
872
7
1091
5422
7138
2585
2183
9739
9207
240
3784
1945
517
7399
68
4556
7247
6871
737
1467
1810
6641
8300
5790
2624
7241
6675
494
2561
7140
2968
3547
9015
7704
8930
5679
95
8109
4523
5070
1186
7768
9215
367
9130
7416
3737
722
8421
8969
4815
5563
2133
6701
8827
5744
995
3562
3145
4532
3655
4669
6156
1541
4511
7487
9572
2130
2180
9896
6519
8546
4969
7825
351
4729
2974
8200
6757
9540
3363
4187
9308
5167
7532
4560
9750
8603
5559
5961
844
7129
6018
2501
6076
3842
9777
8362
3684
4867
3338
3988
9961
9844
8596
211
9383
3657
2284
7160
2824
9489
3972
7517
3734
4874
6379
9801
2716
2684
461
1928
3482
3831
7836
2740
3501
9769
3729
780
6680
4738
5323
4765
6024
3284
3733
9474
7945
3269
4485
9992
1442
4009
7457
3489
5543
1590
9215
1743
8947
8894
379
3961
2188
9529
1147
4827
5670
2254
9117
9216
6590
1507
7481
5546
8511
3789
1208
9498
2810
7378
1018
2544
1122
1655
7230
5349
5171
3765
6775
1961
6208
7129
5370
1246
6997
3534
946
6873
5891
2268
9710
3785
8336
8608
3514
6794
5333
2482
9403
8018
2491
7419
5231
1487
5768
1874
9448
6861
4170
6555
3084
7509
7017
8267
2415
2100
1700
1809
4269
2518
719
1699
7849
6834
2706
6936
1941
6061
5717
2126
5974
5902
664
3687
204
6679
5393
8054
6576
5192
7153
6505
4875
6586
343
4868
7545
4847
7794
8552
6223
5050
6838
8934
8052
4780
1611
2904
2431
9927
1100
9473
2506
4299
1187
8348
9179
94
234
4879
7570
2460
272
5163
3457
9564
6819
3391
8833
5756
9569
8143
319
403
8647
622
7721
4861
6171
8727
8465
7844
5370
1717
4107
7233
5703
9325
4333
1794
9734
7893
9814
5819
5971
135
4661
9204
7091
82
1739
3683
4942
5423
2004
8820
6400
3588
1460
6503
4711
8135
7297
1823
4528
8793
8911
370
7755
6187
4091
8881
7560
8584
8690
5289
5507
7838
7933
2721
469
3012
676
2158
1968
2434
3998
2243
4708
1361
8500
2658
8874
9188
9613
4435
1031
4063
6184
5487
3170
9507
6467
6412
5198
1764
3805
1826
3719
4868
9068
2682
5468
3647
9666
7544
4563
2219
7515
9055
979
4970
6336
9109
8842
417
6629
1021
1737
1674
7939
2565
5888
3323
795
7798
970
5289
6498
721
8897
8539
4637
6594
1284
2289
9385
4355
9203
2706
9866
7791
9768
3572
9586
4198
5174
1189
294
8388
4455
7182
720
3677
6693
6914
8693
8624
3436
3310
5041
8510
7576
7810
7729
6350
369
1074
2581
1951
6845
86
7660
8573
8974
5880
2941
8868
2978
2371
3284
4326
5116
7851
7969
6850
7202
7608
8187
3541
2431
491
1672
1981
3120
5591
5171
169
5087
752
1742
7441
2540
5958
1893
7398
4088
3651
3993
8185
240
4592
7824
2741
5919
9580
9001
2348
9694
7964
3080
3917
9588
7389
4201
2937
6684
2454
9543
8393
362
6529
4182
9293
7682
9136
3780
399
7713
3881
3952
7079
987
8338
2470
2606
579
7565
7630
8714
5777
852
9814
7946
7889
4141
5429
9007
2091
262
8402
156
2520
7500
8784
3107
8708
9204
8071
5728
5274
6076
3456
2827
3431
917
4496
9296
3527
8133
13
9220
8840
9125
6727
9804
7054
7798
5884
5199
9730
4628
287
7049
2989
3679
3939
2509
2046
9390
2775
11
8732
7902
1537
5669
1084
5863
8368
652
4055
7865
9892
4048
6673
731
4589
4205
6824
8677
1345
7396
4938
7934
3500
5804
1305
985
8359
7378
9128
4867
6453
7116
5756
2931
5011
7581
537
8853
6706
9556
7021
2514
8511
3209
5718
5087
5294
2515
5902
4754
6774
6764
1263
6825
790
5164
7966
1769
2484
4878
8490
4584
4553
9411
2632
6344
4638
1720
6871
6258
5582
1459
2401
194
9375
7032
8713
7849
3801
2548
4129
7985
2764
6177
896
2383
2539
8312
7532
7659
57
7916
15
902
3746
4442
4828
7941
5026
1161
4333
3619
1465
6247
2844
5794
7798
4814
1167
7882
3762
1428
1800
3559
4846
7802
2428
5332
5503
8522
9741
9701
6902
9352
802
518
4375
9811
7838
5927
6476
3482
9254
7675
2792
2863
2676
155
9907
6725
8288
8260
3541
7276
6501
7932
5677
3054
3824
3363
1857
6143
5535
9366
7792
2104
9750
8917
9517
5411
1313
4985
1693
5709
6301
3361
4439
7606
1904
5636
2330
329
8890
4768
2869
6065
2917
1870
6636
229
7229
6944
6570
83
907
3157
548
879
4979
9809
1210
652
2751
2490
7287
4979
2724
7299
4615
7526
3485
4568
9086
5919
4166
2835
539
7322
1164
4161
7296
2502
8460
269
4989
4440
5394
4860
4314
5970
9809
1512
6042
757
5483
590
2817
321
908
9520
473
6255
7032
2737
2643
4498
8534
6027
106
4498
3838
9876
2721
4809
4810
2469
2637
1066
1833
4487
8521
8244
7914
7948
6677
7675
2095
5072
8652
3542
9068
6316
8010
3524
1658
9804
903
2545
8567
7436
51
2726
8126
6780
6429
3836
2597
9366
9999
5717
990
3981
3852
4685
9722
1231
454
8856
1537
7429
1669
8243
8812
2208
6990
1286
1130
8207
7680
8535
9035
4422
8813
4499
7252
1970
9005
3381
7347
201
6639
1501
7733
9189
6684
3412
5048
143
6460
8778
7005
8973
7527
3978
4712
4751
3789
2585
6296
1125
9433
2118
2159
870
8873
5207
7359
9248
3533
9743
9856
1147
5883
8577
8998
1794
3490
407
7815
8169
4769
5503
9712
4744
7223
8331
6388
4915
3166
4175
1746
1759
5400
9301
1349
9208
7585
1823
3943
288
8168
4087
5574
5186
7833
3511
9212
5336
7842
6175
9100
5764
481
9971
6583
7510
7955
2007
9497
5507
8111
7505
3061
5161
2077
7011
3795
518
6170
2354
7136
564
4503
2708
2903
3371
2238
5273
6745
353
4631
2261
9559
6484
4156
8662
381
2743
9621
3946
3293
7198
5184
7051
9348
5759
4416
171
4816
7449
2080
7805
5113
8073
9851
1862
5469
8334
4682
3588
8279
7068
9969
2700
627
9199
495
9933
6266
9143
9813
2397
7526
613
5074
2343
4538
2303
1721
9286
2628
7623
2793
231
9662
8
4811
5333
1579
7586
7241
3542
1427
3896
9737
6264
1714
2768
8009
3625
7285
2382
9733
5990
1568
9223
9337
2800
2989
2155
7302
4888
3658
555
4109
6650
935
2283
9071
6144
6235
2498
1530
3829
808
4901
2127
6287
5237
7098
5040
6355
2029
3815
3016
6041
3508
7298
2760
7887
4845
6455
8368
2036
6837
6378
9197
5863
4983
3040
1902
4799
103
4779
4517
6764
3132
8305
8845
5615
746
5791
1619
2761
6904
8127
4818
2013
3335
976
2854
7645
8591
2153
1577
469
8490
1355
5176
7143
9122
6361
8189
6294
7816
8564
5556
1282
2102
5643
548
4974
7435
5890
1873
9947
1764
1303
7762
6245
7175
3046
8491
9623
2297
9901
2191
1736
4953
262
2306
6701
7609
6193
8156
7201
4260
3477
2199
9440
3294
7937
6596
3898
7466
4219
4367
2318
6584
4502
7125
430
5524
3511
9556
2201
1428
8754
7278
7742
150
6710
9822
9956
9960
6810
2757
7957
2015
7989
2392
3350
2898
2755
7264
7380
9280
5345
833
1929
3614
4468
8978
9286
3322
6781
2084
4877
8159
2365
3658
4159
3611
4587
6994
2565
2898
2766
6403
8544
1516
5957
1204
348
9564
9805
8919
7600
4657
514
9839
4083
8175
2113
5147
9976
1760
1255
78
1913
823
744
356
1647
2532
7425
3577
9325
3502
7392
2208
7758
620
1530
6097
9393
7315
9537
2464
4272
868
6743
9469
2887
7857
5263
3865
6475
5475
6707
2488
6875
1991
7698
9799
6508
1360
2623
2525
1112
7116
9537
6027
1415
7773
6105
2035
3860
6724
8791
7906
8041
5123
1797
9723
2319
8709
8351
7118
910
2548
4295
8538
3170
2146
835
4264
8616
3443
6000
3004
4357
6656
3355
4636
3914
6632
5071
5705
4411
5088
6699
2369
6332
4372
4246
500
2504
2655
2476
5741
7278
380
2939
8139
4575
7151
1323
5275
8518
3955
6738
2013
1364
7075
1000
5177
7036
2746
9445
7910
6760
1210
4005
4183
6778
5735
7887
239
3830
5891
8330
1116
5152
8478
8971
5021
6344
1852
259
3619
8021
3182
908
3922
1099
5139
5381
570
723
9000
3867
8637
8130
284
3430
7841
4374
4426
6299
2341
4600
7468
3333
332
7122
7085
1838
7105
3293
1941
8184
1731
1016
2456
8916
578
8920
9691
6846
3049
7680
3777
8769
7491
446
390
2807
5855
8332
3199
577
4375
9697
3299
7012
4207
2981
2313
7344
7910
2019
7923
430
8920
8081
3129
2869
3724
8996
8209
6260
8539
2016
3975
207
5227
8650
3394
5669
9330
3448
271
2548
1912
5426
3801
4733
4122
5224
6063
5946
2414
1272
1479
1341
1609
8024
5698
6501
2331
9419
4393
2535
4670
7374
2571
9509
8196
5145
8153
590
6411
7401
1392
2101
6103
7364
3626
731
4564
306
7025
3993
5909
302
2875
7575
7841
8732
7845
6820
8153
3779
4806
4155
5689
570
3375
4037
1537
4709
8343
2970
9433
2483
3197
3263
8048
1173
5796
2515
6459
6132
6164
1763
6411
3059
3329
8933
2611
9754
5581
7630
3309
9762
4934
6799
2899
6835
9396
368
5419
1981
4907
7262
6930
5951
8049
29
4334
5025
5477
4128
5937
7993
3292
946
3760
9530
5560
6061
8878
7469
3669
845
8357
4579
5170
9788
8998
2632
4579
3090
3887
1407
7802
461
6045
2917
2741
9866
8522
1484
1855
9414
5594
1914
7296
9564
6652
4722
6253
6929
7492
26
2703
817
97
7446
8101
3305
946
1827
1043
4173
1784
3458
7052
8835
2106
5362
3354
924
5046
7370
1498
5320
7270
6708
5261
7424
5767
5158
3307
3459
3841
7496
3790
9645
1216
6940
3775
7877
4239
9645
745
3940
7692
393
5027
2512
3049
2542
6804
6929
1254
2393
5832
1741
659
8886
2498
8795
1330
4386
3795
9743
7211
2881
2909
3262
9722
8796
2303
700
6960
9026
1965
9084
1811
4150
4192
8961
3227
1484
4177
9447
829
5840
6044
3927
5505
955
2974
8047
1670
3860
5748
8921
9557
2874
9878
9552
109
7931
2330
323
9705
129
4463
2911
7594
6046
3358
313
3628
2895
6840
146
9055
7573
1566
4795
3327
9160
7580
8876
8951
9211
8174
6522
3055
3734
6390
7895
1408
1141
284
9799
6051
4618
4134
7251
6829
768
9596
9735
4850
6813
4373
7622
2392
131
4372
9371
4180
7805
2846
8864
7574
4729
4835
1187
8294
6539
4893
1498
5018
8811
8638
6607
1282
1092
2145
9367
5901
1316
8046
3502
1897
3922
3566
6050
5366
408
2210
8131
4466
1951
2875
1747
8482
1008
6349
7584
5724
5480
7967
1332
8993
7236
8135
1572
6636
5383
8602
3931
9531
6538
7706
6037
2838
838
6947
98
2069
7765
9439
3464
3921
4392
70
7930
2411
2057
8483
1505
2419
9720
1135
2137
7755
801
6535
2011
5960
8522
3574
1105
1047
6068
2759
4177
4076
8535
5447
9
6167
6469
9420
1205
7369
9527
5852
6949
2190
4445
6426
6776
2424
9307
7754
8126
9714
3550
3788
4718
6305
127
2305
8331
1067
1290
520
7814
1237
2823
4235
8125
6992
2096
5938
3668
1994
8082
1764
9773
9579
87
7355
4520
8527
5966
2746
825
7725
1435
8895
9430
7285
7209
4200
8399
7867
621
2498
7094
852
4954
440
7964
4417
6421
7654
285
8443
4494
1300
2453
4899
4457
3836
6131
6857
1221
3946
3597
9938
1874
5956
3812
958
8741
5160
2614
1391
5523
1664
9818
7791
2713
2388
3320
1398
2589
5790
2692
6216
1777
5634
6425
7514
4138
2089
6650
8513
7103
5831
954
2610
5299
8292
1271
7339
1032
6309
7512
964
5444
3262
9332
5648
4885
3451
2746
7005
2949
7048
8465
6299
6952
1365
4139
1459
5570
8043
7754
8349
4030
2820
515
5520
8183
2391
7644
9129
9469
824
2888
220
2083
5885
4766
3060
9544
6462
8097
7771
6342
9630
8404
8498
6691
9936
8942
20
3353
32
2968
4735
311
483
2652
6437
6895
9058
2538
6104
5468
6155
8903
6836
112
3939
174
9191
4853
3177
6126
1785
4930
9808
1460
2748
9870
6739
908
6605
995
2910
6234
9882
8379
6655
3302
6282
7529
4581
7513
8005
3171
2707
9106
6931
9911
9499
4818
2479
2328
4527
3846
4393
8901
2729
5423
2097
7676
9361
200
9545
9782
2119
2588
7418
2063
6819
481
6484
7583
6272
6266
5297
1088
8212
6168
2085
5067
8127
9561
2552
8464
9397
6417
5495
6903
3401
9101
4798
756
9453
5873
6692
6210
9270
7194
3236
1431
3759
6368
5163
9724
7881
222
6145
8633
8925
7621
7210
1525
1494
9794
8770
835
7553
6404
2778
170
9696
450
4693
5182
6837
3584
5663
7152
7894
8794
9773
5126
4807
1131
7108
9707
7111
3892
8106
5704
1905
1621
1639
8926
1553
8536
3260
9005
7985
3096
6246
5014
3258
7090
6539
1037
3669
3489
8253
9696
8783
6060
9741
2808
7705
5295
8365
7644
9682
2531
5045
1122
3749
2402
8141
6697
84
520
3522
3196
3395
4587
4580
9105
1733
6577
8035
9122
9884
3855
9762
8705
3245
9466
8054
5353
8290
2893
2968
1712
6496
9323
8443
7477
2427
7518
5133
9185
271
35
6546
6166
9001
5758
8396
2536
5500
4027
2357
343
3682
9472
1100
5656
6599
1917
9528
760
7831
6
3230
4111
7108
4095
1079
9267
4340
5277
3213
8978
3974
5189
6040
1494
5311
7785
2179
9517
920
2090
2079
1503
3381
8737
3356
1398
7919
9148
3374
1249
4079
7731
697
1993
8915
1853
301
1377
8906
9140
3270
1388
6176
5466
7726
412
3680
3006
2558
87
8119
7182
6765
7275
5396
2537
5975
3897
3588
1068
446
1449
2525
4993
1544
2725
6101
6043
7047
7376
7004
6990
4201
8909
2479
6764
4075
6362
1521
5630
6744
265
8178
9496
6581
5064
9297
1586
2560
2432
7076
8800
3992
4033
2380
7977
3336
8323
4091
6726
8015
5749
6234
1611
520
835
6479
2797
1920
5836
3899
2919
6304
5541
8251
9972
1458
5821
9864
8244
5724
7969
6861
941
8192
7645
2812
9993
6057
1887
9530
5442
2860
3154
5635
741
6985
7572
1439
3059
3547
2806
1708
8609
9742
7326
763
3167
5097
7451
4559
1852
7826
8068
7805
5194
4703
6269
7640
297
2104
4874
7589
5873
2601
5112
938
8560
3768
7970
5262
2578
3179
8064
1843
3701
8848
2305
9840
1578
3073
7679
4219
2161
7058
7759
2268
4041
6311
5241
6989
1785
6205
5643
6739
6099
7861
9924
6677
1464
33
1497
4343
2107
8220
4957
3815
5774
233
358
4371
4201
1391
5089
7181
7045
7648
3581
567
1455
6995
594
728
2260
8023
3603
2860
5406
294
1590
7137
5178
4486
6271
8594
3774
8965
7005
8119
5161
5354
6197
3577
9980
9297
833
9109
1199
8837
5050
1785
2147
5979
9153
2162
1009
9423
8278
642
4556
956
3346
2379
9655
4789
9293
2585
8161
3813
5458
5375
5924
5802
4968
1538
8140
1849
5638
5349
5833
6130
482
5030
6165
555
8411
4292
6969
6016
6400
58
9281
9863
1695
23
4377
8951
9123
1551
7006
5144
4544
8802
6780
484
2940
1202
7175
5276
7952
3287
2661
8632
7286
9435
4721
4996
9139
2009
6761
5005
7721
5531
3720
6888
8602
7008
8966
703
9989
9570
8634
2109
1803
840
5994
6478
5847
1834
4818
5123
7520
1513
7831
6052
5228
8738
9168
6737
4063
2563
5837
5235
1281
4910
5402
5364
8846
6126
8171
8440
6447
8520
9713
7172
7959
6286
2866
9112
6492
4622
2181
6099
3708
2702
1570
5228
1115
2917
8598
8021
8127
8011
9528
8769
6843
8447
5680
2923
4599
8303
6240
2848
6018
9431
9293
5270
884
3940
7901
2019
6226
6759
4791
7363
6638
3201
9971
4532
2012
5096
8014
9790
5618
2631
4345
6202
1346
6828
872
8526
709
5523
2362
4079
6916
8305
7936
5383
3800
2589
5464
155
983
9348
8432
9976
6815
1574
5716
3681
3176
2175
6041
4735
9133
5439
3778
2404
1036
4707
3803
278
9601
9080
1458
7324
4863
2760
4816
4782
4990
2018
8758
2457
8989
8102
7932
7785
9296
2412
6152
3447
4354
1953
1198
4799
7136
2465
6413
6578
3389
5164
3691
3462
1557
8312
4308
9677
1844
5263
2807
6560
5364
4425
2495
1821
2717
3063
799
1549
6916
1021
7812
4239
701
4690
3473
5955
3369
8539
3009
4711
2706
1960
8179
6178
3801
5353
1871
6809
210
8499
8304
3133
9695
2766
9820
855
8082
9961
8352
6923
7008
5071
7655
2534
6980
8678
9960
6689
6779
8517
7793
8904
7256
4028
5235
7060
5752
8570
9562
2612
7146
9302
5857
1638
3094
7927
2322
2923
3512
8592
4003
807
3248
378
5972
7548
2391
8190
2161
5031
659
7169
4277
8732
1730
6328
3589
5109
2615
4291
4578
7485
3616
3712
419
8639
3789
4969
7002
3846
97
907
9505
2482
1649
4340
9467
680
1971
9936
6197
605
9484
3584
1330
3414
3229
9786
9446
7997
6038
2554
7962
1948
2551
3512
2289
633
7229
4144
1325
8928
3344
1863
7110
5536
6228
231
1250
7628
3536
5686
570
1607
9488
4082
3229
1171
9551
9505
2091
7455
8812
9575
7545
1726
207
8823
6526
2588
3988
1454
416
6547
5611
2259
4718
6982
7126
4837
2226
3014
2841
9482
1107
9478
253
2760
9289
7806
2813
4111
3321
8612
7282
4301
7396
9540
4511
1620
7851
3854
5221
4330
7071
2409
9382
9564
8770
6523
7604
2801
7461
1815
2851
3510
5216
3346
8314
9881
2932
2892
4069
4297
4788
6708
5312
2257
2920
9812
1591
8923
479
8265
8371
7230
3287
8999
1354
6504
1269
4105
1829
5374
4324
5774
126
4656
9618
8548
8246
8942
6016
2838
5646
5568
5460
7755
3999
8180
6262
461
380
7004
1961
6563
9347
8007
6291
9669
2002
810
6470
9129
1574
7647
6663
2726
13
8501
5904
3335
694
8529
6695
735
6963
3013
7486
322
6521
1322
3850
9081
5233
8620
5933
2803
9701
1575
8821
1712
2603
8030
4606
3543
9801
2803
5527
3055
6658
3139
3940
4790
3560
1884
2645
2333
1821
677
7809
3978
1961
6955
5362
8861
7522
3685
73
3695
6016
7027
5252
663
9500
3207
243
8173
5918
9440
7942
2848
4025
1287
4289
3378
7083
8316
9268
6301
3274
9572
370
1133
5176
5330
5524
4480
3303
5147
2723
3362
9319
6350
501
4449
707
5856
5427
7897
5177
3833
1228
54
2972
4168
1941
4833
996
4150
9922
7938
4495
8465
1903
500
7711
2856
6134
5985
8274
1115
1833
6464
7906
9947
2419
423
9164
7697
2915
2957
1247
5226
7585
8959
6366
3310
4272
128
848
2805
6621
5921
1690
9187
7681
9972
7592
656
5328
705
5407
1507
7793
3415
7239
9456
8833
6950
3520
4028
2277
884
2768
4564
6876
4821
4261
5474
7457
3092
4561
806
4193
9967
9625
2499
6970
3995
4924
7754
2232
4922
3179
7101
7757
7954
2964
7026
1713
536
6364
9807
9712
3586
4384
4451
2348
5240
2626
8287
9740
5106
5886
7864
5381
1189
9468
4396
4613
3905
8413
5559
959
5462
4601
3792
2069
7811
8884
1409
4565
2995
1471
1973
8869
5238
2917
8039
1640
5928
4958
1024
7355
4808
9345
2419
5548
8721
6252
9672
2490
7146
4450
7110
3192
3724
4629
5893
372
5843
6204
4418
7452
7971
7652
4351
4053
8692
3082
5052
8420
443
8367
9978
6884
8221
793
9797
4460
8611
1235
2769
9366
6824
1544
9790
3518
9141
4142
7871
4863
4807
9970
8645
4248
9496
8891
5858
5028
5592
9455
4331
2215
1054
2845
5185
7476
2800
2238
5114
1975
3985
8009
1414
7556
627
6985
5302
3859
4615
4766
7207
543
4731
2967
7896
174
4338
4891
6044
9224
3359
854
6380
4124
1082
1579
5732
7858
3598
169
7320
2315
8610
2928
1563
5347
6731
5096
6290
2440
876
1260
4703
920
5008
6655
2199
2476
7632
1943
5896
5980
4290
1310
259
6280
2868
5044
4281
7831
8988
3086
4843
2321
3008
3571
6005
5619
1807
613
4420
4291
3730
4650
5149
1172
2934
6430
8002
1806
6428
3090
8495
572
5657
389
5282
2958
6645
3951
3249
877
4921
415
2164
1253
691
3612
7128
1561
360
8163
1641
7754
8365
8506
5006
9265
9172
2253
835
2202
6511
5119
4719
2746
1487
1677
3249
4620
8651
9381
5896
923
3211
4281
1937
6963
7513
7342
7259
2641
6935
3768
8601
7599
3504
5970
7950
9788
8754
2270
3616
7700
7911
8014
7672
8624
5044
3230
438
9760
8742
4687
6221
7874
9923
305
9289
5141
787
4156
1720
4144
3036
8327
2149
1447
8717
5485
2192
511
7333
2820
7960
9181
1324
7059
4760
1667
1634
1344
8549
1162
1509
3153
6765
2928
7235
7951
2028
6075
9910
3612
7301
652
7479
3056
5716
491
9210
2848
9038
164
9964
1598
1694
2725
4569
2377
3044
7001
5233
2118
7687
9734
8865
4282
3685
4401
2506
8794
4780
4401
1336
6626
2788
9748
2576
503
2659
5123
1827
8849
6692
1209
6032
9087
3591
1819
1172
3328
7641
1118
2480
8977
7254
5522
7533
3192
4963
947
4562
8157
228
4578
1555
1812
2798
418
912
7581
3479
4597
5876
7024
2314
5166
3152
9701
1019
1515
9608
4710
1178
3392
8460
9189
6422
1892
5512
1170
6490
9556
351
4693
7037
269
8646
3691
3577
3600
1227
569
3912
8488
8593
1633
301
7570
7287
100
2291
937
5266
6432
7021
9786
6470
5993
4146
1177
810
920
5423
6072
5171
5931
165
980
360
6104
9495
6304
7956
7647
5654
6011
6776
9415
1914
2750
9543
9441
2887
3634
2732
7797
5654
6729
3914
9688
1408
4683
4983
3796
2991
5404
392
112
9652
8219
7744
5414
8473
8214
5719
3198
2497
7143
5206
8535
3116
7387
4038
9658
2063
3153
3990
7908
6764
6284
5657
6476
3905
7277
277
4656
6483
289
8791
7693
4248
8528
5803
2414
6327
1815
8874
676
2902
820
7903
1105
4715
2669
5143
4173
2862
1893
2153
6921
3333
6480
472
3419
1924
725
9130
3926
5523
9946
2546
3399
5240
9607
4341
5075
9549
7843
3212
9972
8534
1085
4771
5675
7468
17
5640
8305
1700
2981
7525
4895
4001
4727
9943
4887
8972
3334
9499
7252
8673
1663
9203
6941
944
2793
3456
7893
2607
3988
7272
3622
9492
1385
4479
9426
3974
6076
7373
6497
1572
8269
2092
3524
7126
5020
6975
716
6920
2739
8501
3964
769
1124